1 0.336 0.801 0.088 0.334
1 0.363 0.530 0.071 0.268
1 0.336 0.193 0.047 0.098
1 0.301 0.529 0.045 0.102
1 0.446 0.490 0.071 0.168
1 0.546 0.241 0.103 0.222
1 0.307 0.360 0.045 0.140
1 0.316 0.054 0.042 0.104
1 0.435 0.260 0.048 0.100
1 0.439 0.085 0.049 0.082
1 0.722 0.133 0.073 0.170
1 0.686 0.522 0.038 0.132
1 0.737 0.447 0.048 0.106
1 0.796 0.244 0.045 0.108
1 0.688 0.277 0.034 0.074
1 0.738 0.856 0.050 0.120
1 0.641 0.943 0.063 0.114
1 0.431 0.707 0.030 0.082
1 0.541 0.564 0.022 0.112
1 0.408 0.950 0.023 0.100
1 0.819 0.474 0.035 0.072
